function [xs, ys] = setupPoints()
xs = [1.1287    2.3275    4.6082    5.0175...
    3.5556    8.5556    7.3567    1.3041...
    0.9532   4.9591    3.4971    5.8070    5.4561    8.7018...
    6.3626    4.0526    3.2339];
ys = [2.1228    3.2339    2.1228    4.9006...
    7.8830    5.2515    7.2105    4.8129...
    6.3041 7.4444    5.1637    3.2339    1.9766    1.4795...
    5.3392    2.6491    3.9357]; 
end

